$ANSIBLE_VAULT;1.1;AES256
37383762343335363464626230653866343432393733373163323730393532613131646338613665
6363626537323537333533636564643135363062353536390a616165393736663737663032623234
64643337356133333337623532653235623432663230623332373464613135383734303130616138
3036313161633531340a353266363330313930333665313862363361393437316236633764383331
62393931636234643338353031626562616137323838646138666530613963643733376432373537
30636565316663656137396530366535656565366435376334666664323663363338616335653834
34343432343634373831353235663163636639346638353631386263643535326632373132636330
33643766383037636536633964383539666431376330373439656164376533626166643730653565
61313666333163646437656231303461643165666431383337343739653636636565383839373633
39346464376235333066356131633661393136623535303665383466333662666631353765323738
30656666633033656237366264353932393665343930613262643566303536626338333537363662
35333065353737376565306261636230633232626537386431653633643638383365346532613535
35383063376236333036343736303935613930373238646137336661366434366631393864643932
6437383866303731343531323739613839663864393232396336
