$ANSIBLE_VAULT;1.1;AES256
31373530666261623461326561396539623633653535306465383536343766666236346266666465
3562333264363361396233323763353961303639393939380a333965363032386131313030626339
32373533656466623561353539306632376663336662343135643166363932326530366666373339
6665616464363663360a663965363736313464353034313662376233326263623361653936306463
31376465626462643765623966323437383162336634626362316565333734316138313138343838
39393638313738393130656334363261373633373436343930633263663264663830306261626165
36623637666261653564613734333135633930663933366437353662363065366663353634313838
34313865383334376638346331353864333730393863303330343661646338373435323262333631
36633735396431323037316663326530613132663530326666326561653032623431663733366661
30353164393966383032643539666437333134393762356331303062663530363266306332383032
38626665356162663636393661653538323033333937303334653965326339633034613531613233
36613633643661333132303339393435393638646338306332653833626137346139393338366164
35633434343265303237306630303563616232613632623939393433376664383765646135613030
62393835386664333062313930313733396361316138643633353133616236353137666631353239
61613630303039623130336565646135303838326331653138353338336633653561373666663262
64343439326236623065626438383735303536666438333431396364376432663532396138316561
64333737313066383635396131323635383438396134303863393234303439353736393862613837
63656366623630343336633536303037366131616430343564633239306231316231663335363465
61326165313061373838333235336562313564636330633966343464666434643632383437633532
39613465303562376634356336613735333630616638343965613535646634656532633337316262
65376264303439306264303831623362333731393962613931636562396136353962636162636233
66613265306362356336653165356262633262333638613932336336626661646536633732383934
34633533313564303035353364346162643563643036653133633137356235316362306166653563
64646262633363343930636661323632656330393764616539386437383937333932613331373038
37323562663263643631636230343061666439326435623561346232363239626137
